n= 800
p= 10^-2
f=(1-p)^n