n= 1600
p= 10^-4
f=1-((1-p)^n)