%state 0
ps0 = 1/(1 + (1/195) + ((1*5)/(195*40)) + ((1*5*10)/(195*40*20)) + ((1*5*10*10)/(195*40*20*5)));
ps0 = ps0*100 % to get percentage

%state 1
ps1 = ps0*((1/195));
ps1 = ps1*100

%state 2
ps2 = ps0*(((1*5)/(195*40)));
ps2 = ps2*100

%state 3
ps3 = ps0*(((1*5*10)/(195*40*20)));
ps3 = ps3*100

%state 4
ps4 = ps0*(((1*5*10*10)/(195*40*20*5)));
ps4 = ps4*100